2 0.301415 0.401556 0.121779 0.044363
3 0.103656 0.302412 0.019296 0.012899
3 0.115380 0.299110 0.011786 0.013214
3 0.130923 0.292030 0.019299 0.014159
3 0.142439 0.289199 0.013886 0.011642
3 0.151247 0.286053 0.011369 0.011639
3 0.159008 0.282749 0.011786 0.010697
3 0.166979 0.279917 0.011789 0.011327
3 0.174319 0.277400 0.011369 0.011327
3 0.182080 0.273940 0.014306 0.011957
0 0.482940 0.278571 0.019934 0.021295
3 0.741685 0.212703 0.009626 0.008294
3 0.737526 0.209007 0.008155 0.006773
3 0.734031 0.206281 0.008155 0.005692
3 0.732429 0.202341 0.009031 0.004807
3 0.986133 0.320817 0.021141 0.015449
0 0.746996 0.536643 0.187894 0.084630
