3 0.832698 0.137320 0.008496 0.011993
3 0.837779 0.135656 0.006330 0.013550
3 0.842691 0.134322 0.007497 0.012214
0 0.273941 0.153646 0.055634 0.024653
0 0.348897 0.162531 0.052304 0.022431
1 0.274191 0.171636 0.056801 0.016213
3 0.055403 0.160864 0.013992 0.017766
3 0.070561 0.158309 0.013658 0.017100
3 0.085218 0.156422 0.013658 0.015989
3 0.100208 0.154201 0.012659 0.015993
3 0.114452 0.152202 0.012494 0.015547
3 0.127276 0.150647 0.012494 0.015993
3 0.140270 0.148760 0.011826 0.015323
3 0.152929 0.146761 0.011158 0.014877
3 0.166504 0.145094 0.011991 0.015547
3 0.179663 0.143317 0.011330 0.014657
