3 0.075878 0.173511 0.018134 0.023027
3 0.095997 0.173049 0.016982 0.021875
3 0.114563 0.173625 0.016118 0.021491
3 0.134422 0.174009 0.016118 0.022259
3 0.155290 0.175161 0.016406 0.021491
3 0.173568 0.175353 0.016118 0.021875
3 0.218182 0.216996 0.016694 0.022259
3 0.246101 0.214687 0.016118 0.022267
3 0.337200 0.165568 0.015257 0.020727
3 0.395630 0.195310 0.014678 0.020343
3 0.449455 0.179959 0.013529 0.021111
3 0.508172 0.108192 0.013526 0.018803
3 0.500688 0.189747 0.014102 0.016887
3 0.497523 0.202410 0.014678 0.020727
3 0.441108 0.274348 0.016982 0.022684
3 0.473920 0.254393 0.015830 0.021148
3 0.546454 0.179575 0.014102 0.018807
3 0.526161 0.126806 0.012665 0.019191
3 0.559550 0.155954 0.013241 0.019996
3 0.504488 0.006471 0.011225 0.012941
3 0.538885 0.047077 0.011513 0.016924
3 0.634874 0.107330 0.011225 0.018460
3 0.654305 0.008891 0.010362 0.015004
1 0.440473 0.330735 0.086063 0.031487
0 0.441625 0.289297 0.086063 0.071381
