3 0.388695 0.388776 0.011577 0.009060
3 0.754410 0.431628 0.014097 0.010950
3 0.868428 0.448240 0.015605 0.011704
3 0.388945 0.531677 0.022149 0.016989
3 0.560604 0.517898 0.019130 0.015102
3 0.843763 0.558106 0.021647 0.017746
3 0.889067 0.598880 0.027685 0.020766
3 0.908198 0.611151 0.027685 0.020387
3 0.928583 0.623798 0.029196 0.023028
3 0.949979 0.636824 0.031716 0.022651
3 0.971877 0.648906 0.030202 0.023408
3 0.989210 0.661554 0.021581 0.024541
3 0.965079 0.400480 0.013591 0.009060
3 0.438672 0.332020 0.002192 0.005196
3 0.441200 0.332848 0.002526 0.004551
3 0.441959 0.333669 0.002358 0.004427
3 0.443983 0.334239 0.003707 0.004048
3 0.447184 0.335945 0.007755 0.005942
3 0.004785 0.416386 0.009570 0.011835
3 0.009157 0.412746 0.007302 0.008800
3 0.013102 0.409483 0.007507 0.008346
3 0.017350 0.406828 0.007100 0.009102
3 0.037680 0.391503 0.008112 0.008194
3 0.035355 0.394537 0.006696 0.008802
3 0.032219 0.396662 0.008115 0.008800
3 0.029185 0.398710 0.008112 0.008343
3 0.023520 0.402579 0.010136 0.010620
1 0.311422 0.517142 0.106720 0.033981
0 0.312178 0.543005 0.108231 0.018500
0 0.535182 0.360083 0.041779 0.011327
2 0.709357 0.371598 0.047821 0.011704
3 0.569162 0.379338 0.010069 0.007550
3 0.449101 0.404444 0.012586 0.009439
