1 0.149410 0.325821 0.051970 0.017884
0 0.147612 0.302379 0.051970 0.035445
0 0.196483 0.279594 0.048572 0.034114
3 0.003647 0.398977 0.007295 0.016548
3 0.054666 0.328899 0.011195 0.014391
3 0.048969 0.337429 0.010996 0.014391
3 0.041873 0.345821 0.011596 0.013595
3 0.035578 0.354083 0.010996 0.013591
3 0.029781 0.362212 0.010996 0.014922
3 0.022586 0.371007 0.012194 0.014922
3 0.015890 0.379269 0.012393 0.014926
3 0.008294 0.389929 0.011991 0.014922
3 0.897174 0.370741 0.010395 0.014391
3 0.902270 0.379134 0.010993 0.014126
3 0.907267 0.388196 0.010993 0.014661
3 0.911765 0.397392 0.011991 0.013860
3 0.917561 0.406585 0.012794 0.016258
3 0.923358 0.416181 0.013192 0.014657
3 0.928255 0.425774 0.013392 0.015723
3 0.934953 0.436701 0.013992 0.015723
3 0.940047 0.446828 0.013392 0.015192
3 0.946644 0.458413 0.013392 0.016507
