1 0.517940 0.205782 0.068862 0.018485
0 0.245744 0.440647 0.163823 0.068502
3 0.348575 0.248330 0.017116 0.013594
3 0.440443 0.243610 0.016614 0.013971
3 0.211642 0.160371 0.009322 0.006337
3 0.200137 0.151720 0.009322 0.006992
3 0.202321 0.153466 0.007864 0.006555
3 0.205380 0.155433 0.008155 0.006555
3 0.208876 0.157509 0.008155 0.006337
3 0.983153 0.813351 0.033694 0.058715
3 0.945428 0.765987 0.075155 0.051672
3 0.891151 0.721364 0.066806 0.050104
3 0.842611 0.681044 0.061584 0.044623
3 0.917140 0.194215 0.016779 0.014159
3 0.819258 0.176911 0.013985 0.010489
3 0.829921 0.178745 0.013631 0.011012
3 0.839884 0.180582 0.011885 0.010489
3 0.850197 0.182024 0.013634 0.010749
3 0.859459 0.184121 0.013284 0.011272
3 0.870298 0.186349 0.012586 0.012059
3 0.880959 0.187397 0.013631 0.012061
3 0.891797 0.189101 0.013634 0.011798
3 0.904033 0.191594 0.015731 0.012061
