3 0.172989 0.697194 0.016310 0.012686
3 0.587384 0.700817 0.017520 0.012686
3 0.930513 0.504160 0.010681 0.009467
3 0.935394 0.510606 0.012626 0.009467
3 0.941827 0.517617 0.012867 0.009286
3 0.947411 0.525081 0.012381 0.009650
3 0.953479 0.532181 0.013353 0.010012
3 0.959549 0.539647 0.012867 0.009650
3 0.966348 0.546747 0.014329 0.010012
3 0.972779 0.555032 0.015050 0.010561
3 0.979334 0.562861 0.015539 0.011287
3 0.987227 0.571875 0.015771 0.011473
3 0.441260 0.313357 0.007493 0.003688
3 0.441143 0.316212 0.007490 0.003425
3 0.440850 0.318977 0.007374 0.003162
3 0.440557 0.321744 0.007490 0.003249
3 0.439854 0.324772 0.007963 0.002986
3 0.439502 0.327713 0.007960 0.003249
3 0.438977 0.330611 0.007609 0.003425
3 0.438626 0.333552 0.007609 0.003512
3 0.438156 0.336538 0.008310 0.003864
3 0.437806 0.341279 0.008079 0.006322
1 0.686862 0.372445 0.047136 0.006374
0 0.687062 0.360232 0.046326 0.016540
0 0.691615 0.377901 0.044911 0.007299
