3 0.612378 0.295680 0.013843 0.011012
3 0.206432 0.193538 0.008810 0.006952
3 0.172237 0.182968 0.006604 0.005479
3 0.176086 0.183936 0.006181 0.005268
3 0.178262 0.185517 0.004917 0.005900
3 0.182265 0.186725 0.005060 0.006000
3 0.185850 0.187835 0.006038 0.006111
3 0.190833 0.188936 0.005344 0.006419
3 0.196182 0.190100 0.005069 0.006426
3 0.201303 0.192366 0.005761 0.006533
3 0.167937 0.181143 0.007024 0.006215
3 0.829524 0.233488 0.011944 0.008981
3 0.839284 0.235563 0.011068 0.008760
1 0.598861 0.255170 0.060407 0.018167
2 0.275985 0.449984 0.131085 0.054412
0 0.128590 0.284846 0.081551 0.024058
0 0.840514 0.486858 0.139904 0.060347
