0 0.113137 0.318930 0.081048 0.024541
0 0.824734 0.511271 0.138436 0.059313
2 0.259069 0.482615 0.131386 0.054025
3 0.594732 0.325348 0.013591 0.010573
1 0.582148 0.285707 0.060909 0.015858
3 0.809071 0.262459 0.010317 0.008802
3 0.818943 0.264007 0.010724 0.008192
3 0.192555 0.229451 0.008495 0.008058
3 0.153611 0.218374 0.005866 0.006843
3 0.157556 0.219284 0.004854 0.006540
3 0.162207 0.220727 0.005665 0.006994
3 0.165547 0.222016 0.005056 0.007450
3 0.169896 0.222927 0.005261 0.007753
3 0.173538 0.223989 0.004854 0.006843
3 0.177381 0.225583 0.005258 0.006691
3 0.182237 0.226644 0.005261 0.006994
3 0.186382 0.227934 0.005866 0.007148
