3 0.096592 0.989971 0.077350 0.020057
3 0.004926 0.126979 0.009596 0.017913
3 0.015960 0.129058 0.014390 0.021426
3 0.027354 0.129377 0.013673 0.019506
3 0.819969 0.119463 0.011513 0.016311
3 0.833163 0.120901 0.011994 0.016630
3 0.848153 0.122022 0.013192 0.016953
3 0.862906 0.123942 0.012472 0.017590
3 0.877057 0.123942 0.012472 0.015670
3 0.892408 0.125219 0.012475 0.016311
3 0.906800 0.126019 0.012472 0.016630
3 0.922391 0.127459 0.012472 0.017590
3 0.937022 0.128576 0.012475 0.016630
3 0.953692 0.129698 0.013192 0.016953
0 0.084937 0.478049 0.169874 0.140854
0 0.180916 0.564393 0.273952 0.189400
1 0.180617 0.692516 0.250677 0.076397
