3 0.327707 0.507511 0.042589 0.030062
3 0.938156 0.364696 0.024355 0.018921
3 0.908843 0.362153 0.024358 0.018919
3 0.879702 0.359870 0.023485 0.016962
3 0.850561 0.358238 0.024355 0.017617
3 0.821857 0.355301 0.022616 0.016962
3 0.055618 0.330310 0.020536 0.015858
3 0.031154 0.277755 0.016310 0.011324
3 0.185797 0.279794 0.012685 0.011781
3 0.183380 0.264164 0.012685 0.010422
3 0.192138 0.219537 0.013290 0.009968
3 0.203919 0.220898 0.011475 0.010873
3 0.215397 0.220898 0.012685 0.010873
3 0.227179 0.222478 0.013300 0.010432
3 0.238652 0.223162 0.012080 0.010873
3 0.248619 0.223616 0.011478 0.010873
3 0.259492 0.224069 0.011478 0.011778
3 0.271574 0.224974 0.013896 0.009968
3 0.283355 0.225654 0.013290 0.010419
3 0.295437 0.226333 0.010873 0.009968
0 0.327149 0.368118 0.041680 0.032664
0 0.322075 0.587762 0.203694 0.030990
2 0.320989 0.617393 0.204418 0.031533
1 0.325699 0.528775 0.213839 0.089162
