3 0.494236 0.837143 0.022474 0.017941
3 0.996392 0.422759 0.007216 0.014353
3 0.350046 0.338678 0.013108 0.009177
3 0.259302 0.360091 0.012235 0.010925
3 0.386607 0.388602 0.011653 0.010270
3 0.572612 0.319125 0.011944 0.009831
3 0.294893 0.704759 0.022470 0.015223
3 0.660959 0.498982 0.016673 0.012502
3 0.754109 0.558785 0.018846 0.013591
3 0.418848 0.968437 0.026822 0.020660
3 0.417035 0.991014 0.026095 0.017971
3 0.791763 0.203571 0.009563 0.007212
2 0.788740 0.227338 0.046614 0.007428
0 0.578380 0.249503 0.050106 0.021873
0 0.789148 0.220771 0.046319 0.006796
1 0.790314 0.208099 0.044570 0.019030
3 0.512202 0.180272 0.008267 0.007284
3 0.512087 0.166070 0.008009 0.004735
3 0.511966 0.168982 0.008740 0.004005
3 0.512087 0.172259 0.008981 0.003641
3 0.511966 0.174719 0.008740 0.004189
